1,100,'Fête-1-01',1123,1124,1125,1126,1127,1128,1129,1130,1131,1132,1133,1134,1135,1136,1137,1138,1139,1140,1141,1142,1143,1144,1145,1146,1147,1148,1149,1150,1151
1,100,'Fête-2-01',1152,1153,1154,1155,1156,1157,1158,1159,1160,1161,1162,1163,1164,1165,1166,1167,1168,1169,1170,1171,1172,1173,1174,1175,1176,1177,1178,1179,1180,1181,1182,1183,1184,1185,1186,1187,1188,1189,1190,1191,1192,1193
1,100,'Semaine-01',1194,1195,1196,1197,1198,1199,1200,1201,1202,1203,1204,1205,1206,1207,1208,1209,1210,1211,1212,1213,1214,1215,1216,1217,1218,1219,1220,1221,1222,1223,1224,1225,1226,1227,1228,1229,1230,1231,1232,1233,1234,1235,1236,1237,1238,1239,1240,1241
1,100,'Semaine-01-0001100',1242,1243
1,100,'Week-end-01',122,123,124,125,126,127,128,129,130,131,132,133,134,135,136,137,138,139,140,141,142,143,144,145,146,147,148,149,150
3,301,'Semaine-01',1244,1245,1246,1247,1248,1249,1250,1251,1252,1253,1254,1255,1256,1257,1258,1259,1260,1261,1262,1263,1264,1265,1266,1267,1268,1269
4,400,'Semaine-01',1270,1271,1272,1273,1274,1275,1276,1277,1278,1279,1280,1281,1282,1283,1284,1285,1286,1287,1288,1289,1290,1291,1292,1293,1294,1295
5,500,'Semaine-01',1296,1297,1298,1299,1300,1301,1302,1303,1304,1305,1306,1307,1308,1309,1310,1311,1312,1313,1314,1315,1316,1317,1318,1319,1320,1321,1322
8,801,'Fête-1-01',1323,1324,1325,1326,1327,1328,1329,1330,1331,1332,1333,1334,1335,1336,1337,1338,1339
8,801,'Fête-2-01',1340,1341,1342,1343,1344,1345,1346,1347,1348,1349,1350,1351,1352,1353,1354,1355,1356,1357,1358,1359,1360,1361,1362,1363,1364,1365,1366,1367,1368,1369,1370,1371,1372,1373,1374,1375,1376,1377,1378,1379,1380,1381,1382,1383,1384
8,801,'Semaine-01',1385,1386,1387,1388,1389,1390,1391,1392,1393,1394,1395,1396,1397,1398,1399,1400,1401,1402,1403
8,801,'Week-end-01',311,312,313,314,315,316,317,318,319,320,321,322,323,324,325,326,327
30,3000,'Semaine-01',1404,1405,1406,1407,1408,1409,1410,1411,1412,1413,1414,1415,1416
30,3001,'Semaine-01',1417,1418,1419,1420,1421,1422,1423,1424,1425,1426
325,32500,'Semaine-01',1427,1428,1429,1430,1431,1432,1433,1434,1435,1436,1437,1438,1439,1440
325,32501,'Semaine-01',1441,1442,1443,1444,1445,1446,1447,1448,1449,1450,1451,1452,1453,1454,1455
330,33000,'Fête-2-01',1456,1457
330,33000,'Semaine-01',1458,1459
330,33001,'Fête-2-01',1460,1461
330,33001,'Semaine-01',1462,1463
340,34000,'Fête-1-01',1464,1465,1466,1467
340,34000,'Week-end-01',392,393,394,395
340,34001,'Fête-1-01',1468,1469,1470,1471
340,34001,'Week-end-01',400,401,402,403
350,35000,'Fête-1-01',1472,1473,1474,1475,1476,1477,1478,1479,1480,1481,1482
350,35000,'Fête-2-01',1483,1484,1485,1486,1487,1488,1489,1490,1491,1492,1493,1494,1495,1496,1497,1498,1499,1500,1501,1502,1503,1504,1505,1506,1507,1508,1509,1510,1511,1512,1513,1514,1515
350,35000,'Semaine-01',1516,1517,1518,1519,1520,1521,1522,1523,1524,1525,1526,1527,1528,1529,1530,1531,1532,1533,1534,1535,1536,1537,1538
350,35000,'Week-end-01',471,472,473,474,475,476,477,478,479,480,481
350,35001,'Fête-1-01',1539,1540,1541,1542,1543,1544,1545,1546,1547,1548,1549
350,35001,'Fête-2-01',1550,1551,1552,1553,1554,1555,1556,1557,1558,1559,1560,1561,1562,1563,1564,1565,1566,1567,1568,1569,1570,1571,1572,1573,1574,1575,1576,1577,1578,1579,1580,1581,1582,1583
350,35001,'Semaine-01',1584,1585,1586,1587,1588,1589,1590,1591,1592,1593,1594,1595,1596,1597,1598,1599,1600,1601,1602,1603,1604,1605,1606,1607
350,35001,'Week-end-01',551,552,553,554,555,556,557,558,559,560,561
600,60000,'Fête-2-01',1608,1609,1610,1611,1612,1613,1614,1615,1616,1617,1618,1619,1620,1621,1622,1623,1624,1625,1626,1627,1628
600,60000,'Semaine-01',1629,1630,1631,1632,1633,1634,1635,1636,1637,1638,1639,1640,1641,1642,1643,1644,1645,1646,1647,1648,1649,1650,1651,1652,1653,1654
600,60001,'Fête-2-01',1655,1656,1657,1658,1659,1660,1661,1662,1663,1664,1665,1666,1667,1668,1669,1670,1671,1672,1673,1674,1675,1676
600,60001,'Semaine-01',1677,1678,1679,1680,1681,1682,1683,1684,1685,1686,1687,1688,1689,1690,1691,1692,1693,1694,1695,1696,1697,1698,1699,1700,1701,1702,1703
20000032,2000003200,'Fête-2-01',1704,1705,1706,1707,1708,1709,1710
20000032,2000003200,'Semaine-01',1711,1712,1713,1714,1715,1716,1717
20000032,2000003201,'Fête-2-01',1718,1719,1720,1721,1722,1723,1724,1725,1726,1727,1728
20000032,2000003201,'Semaine-01',1729,1730,1731,1732,1733,1734,1735,1736,1737,1738,1739
20000033,2000003300,'Fête-1-01',1740,1741,1742,1743
20000033,2000003300,'Fête-2-01',1744,1745,1746,1747,1748,1749,1750,1751,1752
20000033,2000003300,'Semaine-01',1753,1754,1755,1756,1757,1758,1759,1760,1761
20000033,2000003300,'Week-end-01',716,717,718,719
20000033,2000003301,'Fête-1-01',1762,1763,1764,1765,1766
20000033,2000003301,'Fête-2-01',1767,1768,1769,1770,1771,1772,1773,1774
20000033,2000003301,'Semaine-01',1775,1776,1777,1778,1779,1780,1781,1782
20000033,2000003301,'Week-end-01',741,742,743,744,745
20000034,2000003400,'Fête-2-01',1783,1784,1785,1786,1787,1788,1789,1790,1791,1792
20000034,2000003400,'Semaine-01',1793,1794,1795,1796,1797,1798,1799,1800,1801,1802
20000034,2000003401,'Fête-2-01',1803,1804,1805,1806,1807,1808,1809,1810,1811,1812
20000034,2000003401,'Semaine-01',1813,1814,1815,1816,1817,1818,1819,1820,1821,1822
