100,'Fête-1-01',633,,1124,10,,,0,19,,1124,280,4,,0,61,,1125,10,,,0,19,,1125,280,4,,0,71,,1126,10,,,0,19,,1126,280,4,,0,6,,1127,10,,,0,19,,1127,280,4,,0,1,,1128,10,,,0,59,,1128,280,4,,0,6,,1129,10,,,0,19,,1129,280,4,,0,16,,1130,10,,,0,59,,1130,280,4,,0,6,,1131,10,,,0,19,,1131,280,4,,0,1,,1132,10,,,0,19,,1132,280,4,,0,56,,1133,10,,,0,19,,1133,280,4,,0,1,,1134,10,,,0,19,,1134,280,4,,0,11,,1135,10,,,0,59,,1135,280,4,,0,1,,1136,10,,,0,19,,1136,280,4,,0,11,,1137,10,,,0,59,,1137,280,4,,0,41,,1138,10,,,0,59,,1138,280,4,,0,1,,1139,10,,,0,19,,1139,280,4,,0,106,,1140,10,,,0,19,,1140,280,4,,0,1,,1141,10,,,0,59,,1141,280,4,,0,106,,1142,10,,,0,19,,1142,280,4,,0,1,,1143,10,,,0,19,,1143,280,4,,0,146,,1144,10,,,0,19,,1144,280,4,,0,1,,1145,10,,,0,19,,1145,280,4,,0,101,,1123,10,,,0,59,,1123,280,4,,0,1,,1146,10,,,0,19,,1146,280,4,,0,101,,1147,10,,,0,19,,1147,280,4,,0,1,,1148,10,,,0,59,,1148,280,4,,0,101,,1149,10,,,0,19,,1149,280,4,,0,1,,1150,10,,,0,19,,1150,280,4,,0,101,,1151,10,,,0,59,,1151,280,4,,0
100,'Semaine-01',2152,,1232,10,,,0,60,,1232,280,4,,0,25,,1234,10,,,0,20,,1234,280,4,,0,50,,1235,10,,,0,20,,1235,280,4,,0,10,,1236,10,,,0,20,,1236,280,4,,0,80,,1237,10,,,0,20,,1237,280,4,,0
100,'Semaine-01-0001100',2407,,1242,10,,,0,20,,1242,280,4,,0,110,,1243,10,,,0,19,,1243,280,4,,0
100,'Week-end-01',633,,123,10,,,0,19,,123,280,4,,0,61,,124,10,,,0,19,,124,280,4,,0,71,,125,10,,,0,19,,125,280,4,,0,6,,126,10,,,0,19,,126,280,4,,0,1,,127,10,,,0,59,,127,280,4,,0,6,,128,10,,,0,19,,128,280,4,,0,16,,129,10,,,0,59,,129,280,4,,0,6,,130,10,,,0,19,,130,280,4,,0,1,,131,10,,,0,19,,131,280,4,,0,56,,132,10,,,0,19,,132,280,4,,0,1,,133,10,,,0,19,,133,280,4,,0,11,,134,10,,,0,59,,134,280,4,,0,1,,135,10,,,0,19,,135,280,4,,0,11,,136,10,,,0,59,,136,280,4,,0,41,,137,10,,,0,59,,137,280,4,,0,1,,138,10,,,0,19,,138,280,4,,0,106,,139,10,,,0,19,,139,280,4,,0,1,,140,10,,,0,59,,140,280,4,,0,106,,141,10,,,0,19,,141,280,4,,0,1,,142,10,,,0,19,,142,280,4,,0,146,,143,10,,,0,19,,143,280,4,,0,1,,144,10,,,0,19,,144,280,4,,0,101,,122,10,,,0,59,,122,280,4,,0,1,,145,10,,,0,19,,145,280,4,,0,101,,146,10,,,0,19,,146,280,4,,0,1,,147,10,,,0,59,,147,280,4,,0,101,,148,10,,,0,19,,148,280,4,,0,1,,149,10,,,0,19,,149,280,4,,0,101,,150,10,,,0,59,,150,280,4,,0
2000003200,'Fête-2-01',613,,1704,10,,,0,26,,1704,230,4,,0,1,,1708,10,,,0,66,,1708,230,4,,0,4,,1705,10,,,0,26,,1705,230,4,,0,1,,1709,10,,,0,66,,1709,230,4,,0,1,,1706,10,,,0,26,,1706,230,4,,0,25,,1710,10,,,0,66,,1710,230,4,,0,234,,1707,10,,,0,66,,1707,230,4,,0
2000003200,'Semaine-01',613,,1711,10,,,0,26,,1711,230,4,,0,1,,1715,10,,,0,66,,1715,230,4,,0,4,,1712,10,,,0,26,,1712,230,4,,0,1,,1716,10,,,0,66,,1716,230,4,,0,1,,1713,10,,,0,26,,1713,230,4,,0,25,,1717,10,,,0,66,,1717,230,4,,0,234,,1714,10,,,0,66,,1714,230,4,,0
2000003201,'Fête-2-01',1315,,1719,10,0,5 12,0,26,,1719,230,4,,0,110,,1720,10,0,5 12,0,66,,1720,230,4,,0,6,,1718,10,0,5 12,0,26,,1718,230,4,,0,2,,1721,10,0,5 12,0,66,,1722,10,0,5 12,0,33,,1722,230,4,,0,1,,1726,10,0,5 12,0,73,,1726,230,4,,0,1,,1727,10,0,5 12,0,33,,1727,230,4,,0,42,,1724,10,0,5 12,0,33,,1724,230,4,,0,77,,1723,10,0,5 12,0,26,,1723,230,4,,0,199,,1728,10,0,5 12,0,66,,1728,230,4,,0,34,,1725,10,0,5 12,0,66,,1725,230,4,,0
2000003201,'Semaine-01',1315,,1730,10,0,5 13,0,26,,1730,230,4,,0,110,,1731,10,0,5 13,0,66,,1731,230,4,,0,6,,1729,10,0,5 13,0,26,,1729,230,4,,0,2,,1732,10,0,5 13,0,66,,1733,10,0,5 13,0,33,,1733,230,4,,0,1,,1737,10,0,5 13,0,73,,1737,230,4,,0,1,,1738,10,0,5 13,0,33,,1738,230,4,,0,42,,1735,10,0,5 13,0,33,,1735,230,4,,0,77,,1734,10,0,5 13,0,26,,1734,230,4,,0,199,,1739,10,0,5 13,0,66,,1739,230,4,,0,34,,1736,10,0,5 13,0,66,,1736,230,4,,0
2000003300,'Fête-1-01',1350,,1742,10,,,0,185,,1743,10,,,0,185,,1740,10,,,0,185,,1741,10,,,0
2000003300,'Fête-2-01',630,,1744,10,,,0,105,,1745,10,,,0,111,,1746,10,,,0,300,,1747,10,,,0,488,,1748,10,,,0,76,,1749,10,,,0,95,,1750,10,,,0,40,,1751,10,,,0,60,,1752,10,,,0
2000003300,'Semaine-01',630,,1753,10,,,0,105,,1754,10,,,0,111,,1755,10,,,0,300,,1756,10,,,0,488,,1757,10,,,0,76,,1758,10,,,0,95,,1759,10,,,0,40,,1760,10,,,0,60,,1761,10,,,0
2000003300,'Week-end-01',1350,,718,10,,,0,185,,719,10,,,0,185,,716,10,,,0,185,,717,10,,,0
2000003301,'Fête-1-01',825,,1765,190,4,,0,80,,1766,190,4,,0,240,,1762,190,4,,0,280,,1763,190,4,,0,185,,1764,190,4,,0
2000003301,'Fête-2-01',643,,1767,190,4,,0,80,,1768,190,4,,0,93,,1774,190,4,,0,95,,1769,190,4,,0,420,,1770,190,4,,0,285,,1773,190,4,,0,105,,1771,190,4,,0,15,,1772,190,4,,0
2000003301,'Semaine-01',643,,1775,190,4,,0,80,,1776,190,4,,0,93,,1782,190,4,,0,95,,1777,190,4,,0,420,,1778,190,4,,0,285,,1781,190,4,,0,105,,1779,190,4,,0,15,,1780,190,4,,0
2000003301,'Week-end-01',825,,744,190,4,,0,80,,745,190,4,,0,240,,741,190,4,,0,280,,742,190,4,,0,185,,743,190,4,,0
2000003400,'Fête-2-01',641,,1783,10,0,14,0,84,,1784,10,0,14,0,115,,1785,10,0,14,0,315,,1786,10,0,14,0,161,,1787,10,0,14,0,236,,1788,10,0,14,0,83,,1789,10,0,14,0,77,,1790,10,0,14,0,40,,1791,10,0,14,0,88,,1792,10,0,14,0
2000003400,'Semaine-01',641,,1793,10,0,15,0,84,,1794,10,0,15,0,115,,1795,10,0,15,0,315,,1796,10,0,15,0,161,,1797,10,0,15,0,236,,1798,10,0,15,0,83,,1799,10,0,15,0,77,,1800,10,0,15,0,40,,1801,10,0,15,0,88,,1802,10,0,15,0
2000003401,'Fête-2-01',640,,1803,190,4,,0,67,,1804,190,4,,0,28,,1805,190,4,,0,90,,1806,190,4,,0,95,,1807,190,4,,0,395,,1808,190,4,,0,120,,1809,190,4,,0,195,,1810,190,4,,0,102,,1811,190,4,,0,100,,1812,190,4,,0
2000003401,'Semaine-01',640,,1813,190,4,,0,67,,1814,190,4,,0,28,,1815,190,4,,0,90,,1816,190,4,,0,95,,1817,190,4,,0,395,,1818,190,4,,0,120,,1819,190,4,,0,195,,1820,190,4,,0,102,,1821,190,4,,0,100,,1822,190,4,,0
