100,'Fête-1-01',649,,1124,270,,,0,80,,1125,270,,,0,90,,1126,270,,,0,25,,1127,270,,,0,60,,1128,270,,,0,25,,1129,270,,,0,75,,1130,270,,,0,25,,1131,270,,,0,20,,1132,270,,,0,75,,1133,270,,,0,20,,1134,270,,,0,70,,1135,270,,,0,20,,1136,270,,,0,70,,1137,270,,,0,100,,1138,270,,,0,20,,1139,270,,,0,125,,1140,270,,,0,60,,1141,270,,,0,125,,1142,270,,,0,20,,1143,270,,,0,165,,1144,270,,,0,20,,1145,270,,,0,120,,1123,270,,,0,60,,1146,270,,,0,120,,1147,270,,,0,20,,1148,270,,,0,160,,1149,270,,,0,20,,1150,270,,,0,120,,1151,270,,,0
100,'Fête-2-01',539,,1163,270,,,0,65,,1167,270,,,0,19,,1171,270,,,0,14,,1182,270,,,0,16,,1189,270,,,0,51,,1190,270,,,0,15,,1192,270,,,0,15,,1191,270,,,0,15,,1193,270,,,0,65,,1162,270,,,0,25,,1164,270,,,0,69,,1165,270,,,0,37,,1166,270,,,0,80,,1153,270,,,0,80,,1154,270,,,0,40,,1155,270,,,0,80,,1156,270,,,0,80,,1157,270,,,0,37,,1158,270,,,0,77,,1159,270,,,0,40,,1160,270,,,0,80,,1161,270,,,0,73,,1152,270,,,0,26,,1168,270,,,0,10,,1169,270,,,0,56,,1170,270,,,0,14,,1172,270,,,0,14,,1173,270,,,0,16,,1174,270,,,0,55,,1175,270,,,0,15,,1176,270,,,0,12,,1177,270,,,0,18,,1178,270,,,0,52,,1179,270,,,0,15,,1180,270,,,0,13,,1181,270,,,0,11,,1183,270,,,0,12,,1184,270,,,0,65,,1185,270,,,0,38,,1186,270,,,0,68,,1187,270,,,0,30,,1188,270,,,0
100,'Semaine-01',539,,1205,270,,,0,65,,1210,270,,,0,19,,1214,270,,,0,14,,1225,270,,,0,16,,1233,270,,,0,51,,1238,270,,,0,15,,1240,270,,,0,15,,1239,270,,,0,15,,1241,270,,,0,55,,1206,270,,,0,18,,1204,270,,,0,16,,1207,270,,,0,70,,1208,270,,,0,37,,1209,270,,,0,80,,1195,270,,,0,80,,1196,270,,,0,40,,1197,270,,,0,80,,1198,270,,,0,80,,1199,270,,,0,37,,1200,270,,,0,77,,1201,270,,,0,40,,1202,270,,,0,80,,1203,270,,,0,73,,1194,270,,,0,26,,1211,270,,,0,10,,1212,270,,,0,56,,1213,270,,,0,14,,1215,270,,,0,14,,1216,270,,,0,16,,1217,270,,,0,55,,1218,270,,,0,15,,1219,270,,,0,12,,1220,270,,,0,18,,1221,270,,,0,52,,1222,270,,,0,15,,1223,270,,,0,13,,1224,270,,,0,11,,1226,270,,,0,12,,1227,270,,,0,65,,1228,270,,,0,38,,1229,270,,,0,68,,1230,270,,,0,30,,1231,270,,,0,57,,1232,270,,,0,45,,1234,270,,,0,70,,1235,270,,,0,30,,1236,270,,,0,100,,1237,270,,,0
100,'Semaine-01-0001100',2424,,1242,270,,,0,129,,1243,270,,,0
100,'Week-end-01',649,,123,270,,,0,80,,124,270,,,0,90,,125,270,,,0,25,,126,270,,,0,60,,127,270,,,0,25,,128,270,,,0,75,,129,270,,,0,25,,130,270,,,0,20,,131,270,,,0,75,,132,270,,,0,20,,133,270,,,0,70,,134,270,,,0,20,,135,270,,,0,70,,136,270,,,0,100,,137,270,,,0,20,,138,270,,,0,125,,139,270,,,0,60,,140,270,,,0,125,,141,270,,,0,20,,142,270,,,0,165,,143,270,,,0,20,,144,270,,,0,120,,122,270,,,0,60,,145,270,,,0,120,,146,270,,,0,20,,147,270,,,0,160,,148,270,,,0,20,,149,270,,,0,120,,150,270,,,0
32500,'Semaine-01',953,,1427,50,,,0,78,,1428,50,,,0,80,,1433,50,,,0,42,,1434,50,,,0,78,,1435,50,,,0,80,,1436,50,,,0,42,,1437,50,,,0,78,,1438,50,,,0,79,,1429,50,,,0,29,,1430,50,,,0,71,,1431,50,,,0,194,,1439,50,,,0,44,,1440,50,,,0,58,,1432,50,,,0
33000,'Fête-2-01',1623,,1456,50,,,0,35,,1457,50,,,0
33000,'Semaine-01',1613,,1458,50,,,0,42,,1459,50,,,0
34000,'Fête-1-01',1344,,1464,40,,,0,185,,1465,40,,,0,185,,1466,40,,,0,145,,1467,40,,,0
34000,'Week-end-01',1344,,392,40,,,0,185,,393,40,,,0,185,,394,40,,,0,145,,395,40,,,0
35000,'Fête-1-01',749,,1472,20,,,0,80,,1473,20,,,0,100,,1474,20,,,0,80,,1475,20,,,0,95,,1476,20,,,0,50,,1477,20,,,0,90,,1478,20,,,0,795,,1479,20,,,0,180,,1480,20,,,0,140,,1481,20,,,0,180,,1482,20,,,0
35000,'Fête-2-01',635,,1497,20,,,0,16,,1504,20,,,0,54,,1513,20,,,0,13,,1485,20,,,0,117,,1514,20,,,0,105,,1484,20,,,0,80,,1486,20,,,0,80,,1490,20,,,0,37,,1491,20,,,0,83,,1492,20,,,0,80,,1493,20,,,0,37,,1494,20,,,0,83,,1495,20,,,0,80,,1487,20,,,0,37,,1488,20,,,0,91,,1498,20,,,0,30,,1499,20,,,0,60,,1500,20,,,0,15,,1501,20,,,0,10,,1502,20,,,0,15,,1496,20,,,0,55,,1503,20,,,0,15,,1505,20,,,0,15,,1506,20,,,0,60,,1489,20,,,0,21,,1507,20,,,0,30,,1483,20,,,0,75,,1508,20,,,0,100,,1509,20,,,0,100,,1510,20,,,0,100,,1511,20,,,0,100,,1512,20,,,0,100,,1515,20,,,0
35000,'Semaine-01',635,,1520,20,,,0,16,,1527,20,,,0,54,,1535,20,,,0,13,,1517,20,,,0,27,,1536,20,,,0,90,,1537,20,,,0,793,,1521,20,,,0,25,,1522,20,,,0,50,,1519,20,,,0,15,,1523,20,,,0,15,,1524,20,,,0,10,,1525,20,,,0,70,,1526,20,,,0,15,,1528,20,,,0,96,,1529,20,,,0,30,,1516,20,,,0,72,,1530,20,,,0,103,,1531,20,,,0,30,,1518,20,,,0,70,,1532,20,,,0,100,,1533,20,,,0,100,,1534,20,,,0,100,,1538,20,,,0
35000,'Week-end-01',749,,471,20,,,0,80,,472,20,,,0,100,,473,20,,,0,80,,474,20,,,0,95,,475,20,,,0,50,,476,20,,,0,90,,477,20,,,0,795,,478,20,,,0,180,,479,20,,,0,140,,480,20,,,0,180,,481,20,,,0
60000,'Fête-2-01',641,,1608,20,,,0,83,,1611,20,,,0,22,,1609,20,,,0,81,,1610,20,,,0,25,,1612,20,,,0,172,,1623,20,,,0,120,,1621,20,,,0,160,,1622,20,,,0,120,,1624,20,,,0,120,,1620,20,,,0,83,,1613,20,,,0,80,,1614,20,,,0,20,,1615,20,,,0,77,,1616,20,,,0,20,,1617,20,,,0,20,,1618,20,,,0,60,,1619,20,,,0,25,,1627,20,,,0,100,,1628,20,,,0,100,,1626,20,,,0,100,,1625,20,,,0
60000,'Semaine-01',641,,1629,20,,,0,60,,1644,20,,,0,23,,1632,20,,,0,22,,1630,20,,,0,60,,1645,20,,,0,21,,1631,20,,,0,25,,1633,20,,,0,172,,1649,20,,,0,120,,1647,20,,,0,160,,1648,20,,,0,120,,1650,20,,,0,120,,1646,20,,,0,66,,1634,20,,,0,17,,1635,20,,,0,20,,1636,20,,,0,60,,1637,20,,,0,20,,1638,20,,,0,20,,1639,20,,,0,57,,1640,20,,,0,20,,1641,20,,,0,20,,1642,20,,,0,60,,1643,20,,,0,25,,1653,20,,,0,100,,1654,20,,,0,100,,1652,20,,,0,100,,1651,20,,,0
2000003200,'Fête-2-01',636,,1704,220,,,0,67,,1708,220,,,0,30,,1705,220,,,0,67,,1709,220,,,0,27,,1706,220,,,0,91,,1710,220,,,0,300,,1707,220,,,0
2000003200,'Semaine-01',636,,1711,220,,,0,67,,1715,220,,,0,30,,1712,220,,,0,67,,1716,220,,,0,27,,1713,220,,,0,91,,1717,220,,,0,300,,1714,220,,,0
2000003201,'Fête-2-01',1328,,1719,160,0,5 12,0,176,,1720,160,0,5 12,0,32,,1718,160,0,5 12,0,68,,1721,160,0,5 12,0,32,,1722,160,0,5 12,0,74,,1726,160,0,5 12,0,34,,1727,160,0,5 12,0,75,,1724,160,0,5 12,0,104,,1723,160,0,5 12,0,225,,1728,160,0,5 12,0,100,,1725,160,0,5 12,0
2000003201,'Semaine-01',1328,,1730,160,0,5 13,0,176,,1731,160,0,5 13,0,32,,1729,160,0,5 13,0,68,,1732,160,0,5 13,0,32,,1733,160,0,5 13,0,74,,1737,160,0,5 13,0,34,,1738,160,0,5 13,0,75,,1735,160,0,5 13,0,104,,1734,160,0,5 13,0,225,,1739,160,0,5 13,0,100,,1736,160,0,5 13,0
