1,100,'Semaine-02',792,793,794,795,796,797,798,799,800,801,802,803,804,805,806,807,808,809,810,811,812,813,814,815,816,817,818,819,820,821,822,823,824,825,826,827,828,829,830,831,832,833,834,835,836,837,838,839
1,100,'Semaine-02-0001100',840,841
1,100,'Week-end-01',122,123,124,125,126,127,128,129,130,131,132,133,134,135,136,137,138,139,140,141,142,143,144,145,146,147,148,149,150
3,301,'Semaine-02',842,843,844,845,846,847,848,849,850,851,852,853,854,855,856,857,858,859,860,861,862,863,864,865,866,867
4,400,'Semaine-02',868,869,870,871,872,873,874,875,876,877,878,879,880,881,882,883,884,885,886,887,888,889,890,891,892,893
5,500,'Semaine-02',894,895,896,897,898,899,900,901,902,903,904,905,906,907,908,909,910,911,912,913,914,915,916,917,918,919,920
8,801,'Semaine-02',921,922,923,924,925,926,927,928,929,930,931,932,933,934,935,936,937,938,939
8,801,'Week-end-01',311,312,313,314,315,316,317,318,319,320,321,322,323,324,325,326,327
325,32500,'Semaine-02',940,941,942,943,944,945,946,947,948,949,950
325,32501,'Semaine-02',951,952,953,954,955,956,957,958,959
330,33000,'Semaine-02',960
330,33001,'Semaine-02',961
340,34000,'Week-end-01',392,393,394,395
340,34001,'Week-end-01',400,401,402,403
350,35000,'Semaine-02',962,963,964,965,966,967,968,969,970,971,972,973,974,975,976,977,978,979,980,981,982,983,984,985,986
350,35000,'Week-end-01',471,472,473,474,475,476,477,478,479,480,481
350,35001,'Semaine-02',987,988,989,990,991,992,993,994,995,996,997,998,999,1000,1001,1002,1003,1004,1005,1006,1007,1008,1009,1010,1011,1012,1013,1014
350,35001,'Week-end-01',551,552,553,554,555,556,557,558,559,560,561
600,60000,'Semaine-02',1015,1016,1017,1018,1019,1020,1021,1022,1023,1024,1025,1026,1027,1028,1029,1030,1031,1032,1033,1034,1035,1036,1037,1038,1039,1040
600,60001,'Semaine-02',1041,1042,1043,1044,1045,1046,1047,1048,1049,1050,1051,1052,1053,1054,1055,1056,1057,1058,1059,1060,1061,1062,1063,1064,1065,1066,1067
20000032,2000003200,'Semaine-02',1068,1069,1070,1071,1072,1073,1074
20000032,2000003201,'Semaine-02',1075,1076,1077,1078,1079,1080,1081,1082,1083,1084,1085
20000033,2000003300,'Semaine-02',1086,1087,1088,1089,1090,1091,1092,1093,1094
20000033,2000003300,'Week-end-01',716,717,718,719
20000033,2000003301,'Semaine-02',1095,1096,1097,1098,1099,1100,1101,1102
20000033,2000003301,'Week-end-01',741,742,743,744,745
20000034,2000003400,'Semaine-02',1103,1104,1105,1106,1107,1108,1109,1110,1111,1112
20000034,2000003401,'Semaine-02',1113,1114,1115,1116,1117,1118,1119,1120,1121,1122
