32500,'Semaine-01',922,,1427,10,,,0,78,,1428,10,,,0,40,,1433,10,,,0,82,,1434,10,,,0,36,,1435,10,,,0,80,,1436,10,,,0,82,,1437,10,,,0,38,,1438,10,,,0,77,,1429,10,,,0,69,,1430,10,,,0,30,,1431,10,,,0,192,,1439,10,,,0,89,,1440,10,,,0,17,,1432,10,,,0
32501,'Semaine-01',742,,1454,20,4,,0,11,,1444,20,4,,0,57,,1443,20,4,,0,25,,1455,20,4,,0,11,,1442,20,4,,0,59,,1441,50,4,,0,51,,1445,50,4,,0,76,,1447,50,4,,0,80,,1448,50,4,,0,40,,1449,50,4,,0,80,,1450,50,4,,0,80,,1451,50,4,,0,40,,1452,50,4,,0,80,,1453,50,4,,0,120,,1446,50,4,,0
33000,'Fête-2-01',1540,,1456,10,,,0,71,,1457,10,,,0
33000,'Semaine-01',1530,,1458,10,,,0,78,,1459,10,,,0
33001,'Fête-2-01',708,,1460,20,4,,0,17,,1461,20,4,,0
33001,'Semaine-01',708,,1462,20,4,,0,22,,1463,20,4,,0
34000,'Fête-1-01',1315,,1464,10,,,0,185,,1465,10,,,0,145,,1466,10,,,0,185,,1467,10,,,0
34000,'Week-end-01',1315,,392,10,,,0,185,,393,10,,,0,145,,394,10,,,0,185,,395,10,,,0
34001,'Fête-1-01',900,,1468,40,4,,0,40,,1469,40,4,,0,185,,1470,40,4,,0,185,,1471,40,4,,0
34001,'Week-end-01',900,,400,40,4,,0,40,,401,40,4,,0,185,,402,40,4,,0,185,,403,40,4,,0
35000,'Fête-1-01',725,,1472,10,,,0,80,,1473,10,,,0,100,,1474,10,,,0,40,,1475,10,,,0,95,,1476,10,,,0,90,,1477,10,,,0,90,,1478,10,,,0,795,,1479,10,,,0,140,,1480,10,,,0,180,,1481,10,,,0,180,,1482,10,,,0
35000,'Fête-2-01',615,,1497,10,,,0,15,,1504,10,,,0,15,,1513,10,,,0,13,,1485,10,,,0,157,,1514,10,,,0,105,,1484,10,,,0,80,,1486,10,,,0,40,,1490,10,,,0,77,,1491,10,,,0,83,,1492,10,,,0,40,,1493,10,,,0,77,,1494,10,,,0,83,,1495,10,,,0,40,,1487,10,,,0,75,,1488,10,,,0,85,,1498,10,,,0,30,,1499,10,,,0,15,,1500,10,,,0,55,,1501,10,,,0,15,,1502,10,,,0,15,,1496,10,,,0,15,,1503,10,,,0,55,,1505,10,,,0,15,,1506,10,,,0,20,,1489,10,,,0,65,,1507,10,,,0,30,,1483,10,,,0,80,,1508,10,,,0,100,,1509,10,,,0,100,,1510,10,,,0,100,,1511,10,,,0,100,,1512,10,,,0,100,,1515,10,,,0
35000,'Semaine-01',615,,1520,10,,,0,15,,1527,10,,,0,15,,1535,10,,,0,13,,1517,10,,,0,67,,1536,10,,,0,90,,1537,10,,,0,785,,1521,10,,,0,25,,1522,10,,,0,10,,1519,10,,,0,10,,1523,10,,,0,55,,1524,10,,,0,15,,1525,10,,,0,30,,1526,10,,,0,55,,1528,10,,,0,100,,1529,10,,,0,30,,1516,10,,,0,77,,1530,10,,,0,103,,1531,10,,,0,30,,1518,10,,,0,70,,1532,10,,,0,100,,1533,10,,,0,100,,1534,10,,,0,100,,1538,10,,,0
35000,'Week-end-01',725,,471,10,,,0,80,,472,10,,,0,100,,473,10,,,0,40,,474,10,,,0,95,,475,10,,,0,90,,476,10,,,0,90,,477,10,,,0,795,,478,10,,,0,140,,479,10,,,0,180,,480,10,,,0,180,,481,10,,,0
35001,'Fête-1-01',720,,1539,20,4,,0,80,,1540,20,4,,0,235,,1541,20,4,,0,180,,1542,20,4,,0,240,,1543,20,4,,0,185,,1544,20,4,,0,185,,1545,20,4,,0,185,,1546,20,4,,0,140,,1547,20,4,,0,180,,1548,20,4,,0,180,,1549,20,4,,0
35001,'Fête-2-01',607,,1565,20,4,,0,15,,1573,20,4,,0,15,,1578,20,4,,0,16,,1579,20,4,,0,90,,1563,20,4,,0,15,,1552,20,4,,0,55,,1580,20,4,,0,13,,1564,20,4,,0,15,,1551,20,4,,0,69,,1566,20,4,,0,39,,1553,20,4,,0,76,,1556,20,4,,0,80,,1557,20,4,,0,40,,1558,20,4,,0,80,,1559,20,4,,0,77,,1560,20,4,,0,40,,1561,20,4,,0,80,,1562,20,4,,0,80,,1554,20,4,,0,40,,1555,20,4,,0,78,,1567,20,4,,0,85,,1582,20,4,,0,30,,1583,20,4,,0,20,,1568,20,4,,0,55,,1569,20,4,,0,20,,1570,20,4,,0,20,,1571,20,4,,0,70,,1550,20,4,,0,85,,1572,20,4,,0,30,,1574,20,4,,0,100,,1575,20,4,,0,100,,1576,20,4,,0,100,,1577,20,4,,0,100,,1581,20,4,,0
35001,'Semaine-01',607,,1586,20,4,,0,15,,1595,20,4,,0,15,,1600,20,4,,0,16,,1602,20,4,,0,68,,1601,20,4,,0,87,,1603,20,4,,0,13,,1604,20,4,,0,89,,1587,20,4,,0,592,,1585,20,4,,0,118,,1588,20,4,,0,30,,1589,20,4,,0,55,,1606,20,4,,0,30,,1607,20,4,,0,20,,1590,20,4,,0,55,,1591,20,4,,0,19,,1592,20,4,,0,21,,1593,20,4,,0,70,,1584,20,4,,0,80,,1594,20,4,,0,35,,1596,20,4,,0,100,,1597,20,4,,0,100,,1598,20,4,,0,100,,1599,20,4,,0,100,,1605,20,4,,0
35001,'Week-end-01',720,,551,20,4,,0,80,,552,20,4,,0,235,,553,20,4,,0,180,,554,20,4,,0,240,,555,20,4,,0,185,,556,20,4,,0,185,,557,20,4,,0,185,,558,20,4,,0,140,,559,20,4,,0,180,,560,20,4,,0,180,,561,20,4,,0
