100,'Semaine-02',539,,803,270,,,0,65,,808,270,,,0,19,,812,270,,,0,14,,823,270,,,0,16,,831,270,,,0,51,,836,270,,,0,15,,838,270,,,0,15,,837,270,,,0,15,,839,270,,,0,55,,804,270,,,0,18,,802,270,,,0,16,,805,270,,,0,70,,806,270,,,0,37,,807,270,,,0,80,,793,270,,,0,80,,794,270,,,0,40,,795,270,,,0,80,,796,270,,,0,80,,797,270,,,0,37,,798,270,,,0,77,,799,270,,,0,40,,800,270,,,0,80,,801,270,,,0,73,,792,270,,,0,26,,809,270,,,0,10,,810,270,,,0,56,,811,270,,,0,14,,813,270,,,0,14,,814,270,,,0,16,,815,270,,,0,55,,816,270,,,0,15,,817,270,,,0,12,,818,270,,,0,18,,819,270,,,0,52,,820,270,,,0,15,,821,270,,,0,13,,822,270,,,0,11,,824,270,,,0,12,,825,270,,,0,65,,826,270,,,0,38,,827,270,,,0,68,,828,270,,,0,30,,829,270,,,0,57,,830,270,,,0,45,,832,270,,,0,70,,833,270,,,0,30,,834,270,,,0,100,,835,270,,,0
100,'Semaine-02-0001100',2424,,840,270,,,0,129,,841,270,,,0
100,'Week-end-01',649,,123,270,,,0,80,,124,270,,,0,90,,125,270,,,0,25,,126,270,,,0,60,,127,270,,,0,25,,128,270,,,0,75,,129,270,,,0,25,,130,270,,,0,20,,131,270,,,0,75,,132,270,,,0,20,,133,270,,,0,70,,134,270,,,0,20,,135,270,,,0,70,,136,270,,,0,100,,137,270,,,0,20,,138,270,,,0,125,,139,270,,,0,60,,140,270,,,0,125,,141,270,,,0,20,,142,270,,,0,165,,143,270,,,0,20,,144,270,,,0,120,,122,270,,,0,60,,145,270,,,0,120,,146,270,,,0,20,,147,270,,,0,160,,148,270,,,0,20,,149,270,,,0,120,,150,270,,,0
32500,'Semaine-02',953,,940,50,,,0,78,,941,50,,,0,80,,945,50,,,0,42,,946,50,,,0,78,,947,50,,,0,80,,948,50,,,0,42,,949,50,,,0,78,,950,50,,,0,79,,942,50,,,0,29,,943,50,,,0,71,,944,50,,,0
33000,'Semaine-02',1655,,960,50,,,0
34000,'Week-end-01',1344,,392,40,,,0,185,,393,40,,,0,185,,394,40,,,0,145,,395,40,,,0
35000,'Semaine-02',635,,968,20,,,0,16,,975,20,,,0,54,,983,20,,,0,13,,963,20,,,0,27,,984,20,,,0,90,,985,20,,,0,793,,969,20,,,0,25,,970,20,,,0,50,,965,20,,,0,15,,971,20,,,0,15,,972,20,,,0,10,,973,20,,,0,60,,966,20,,,0,10,,974,20,,,0,15,,976,20,,,0,72,,967,20,,,0,24,,977,20,,,0,30,,962,20,,,0,72,,978,20,,,0,103,,979,20,,,0,30,,964,20,,,0,70,,980,20,,,0,100,,981,20,,,0,100,,982,20,,,0,100,,986,20,,,0
35000,'Week-end-01',749,,471,20,,,0,80,,472,20,,,0,100,,473,20,,,0,80,,474,20,,,0,95,,475,20,,,0,50,,476,20,,,0,90,,477,20,,,0,795,,478,20,,,0,180,,479,20,,,0,140,,480,20,,,0,180,,481,20,,,0
60000,'Semaine-02',641,,1015,20,,,0,60,,1030,20,,,0,23,,1018,20,,,0,22,,1016,20,,,0,60,,1031,20,,,0,21,,1017,20,,,0,25,,1019,20,,,0,172,,1035,20,,,0,120,,1033,20,,,0,160,,1034,20,,,0,120,,1036,20,,,0,120,,1032,20,,,0,66,,1020,20,,,0,17,,1021,20,,,0,20,,1022,20,,,0,60,,1023,20,,,0,20,,1024,20,,,0,20,,1025,20,,,0,57,,1026,20,,,0,20,,1027,20,,,0,20,,1028,20,,,0,60,,1029,20,,,0,25,,1039,20,,,0,100,,1040,20,,,0,100,,1038,20,,,0,100,,1037,20,,,0
2000003200,'Semaine-02',636,,1068,220,0,5 12,0,67,,1072,220,0,5 12,0,30,,1069,220,0,5 12,0,67,,1073,220,0,5 12,0,27,,1070,220,0,5 12,0,91,,1074,220,0,5 12,0,300,,1071,220,0,5 12,0
2000003201,'Semaine-02',1328,,1076,160,0,5 12,0,176,,1077,160,0,5 12,0,32,,1075,160,0,5 12,0,68,,1078,160,0,5 12,0,32,,1079,160,0,5 12,0,74,,1083,160,0,5 12,0,34,,1084,160,0,5 12,0,75,,1081,160,0,5 12,0,104,,1080,160,0,5 12,0,225,,1085,160,0,5 12,0,100,,1082,160,0,5 12,0
